0 [136, 138, 172, 190, 220, 264, 298, 342, 386, 412, 433]
136 []
138 [146]
146 [463]
154 []
172 [180]
180 [469]
188 []
190 [198]
198 [541]
218 []
220 [228]
228 [707]
236 []
264 [272]
272 [722]
280 []
298 [306]
306 [728]
314 []
342 [350]
350 [743]
358 []
386 [394]
394 [758]
410 []
412 [420]
420 [898]
431 []
433 [441]
441 [1073]
461 []
463 []
469 [486]
486 [538]
538 [539]
539 []
541 [569]
569 [591]
591 [703]
703 [704]
704 []
707 []
722 []
728 []
743 []
758 [786]
786 [804]
804 [820]
820 [880]
880 [891]
891 [892]
892 [893]
893 [894]
894 []
898 [926]
926 [944]
944 [979]
979 [1018]
1018 [469]
1067 [1068]
1068 [1069]
1069 [1070]
1070 []
1073 [1101]
1101 [1142]
1142 [1143]
1143 []
1147 []
[{'fun_sig': '05b34410', 'fun_block': 138}, {'fun_sig': '0b5ab3d5', 'fun_block': 172}, {'fun_sig': '13af4035', 'fun_block': 190}, {'fun_sig': '2b20e397', 'fun_block': 220}, {'fun_sig': '3fa4f245', 'fun_block': 264}, {'fun_sig': '674f220f', 'fun_block': 298}, {'fun_sig': '8da5cb5b', 'fun_block': 342}, {'fun_sig': 'b0c80972', 'fun_block': 386}, {'fun_sig': 'bbe42771', 'fun_block': 412}, {'fun_sig': 'faab9d39', 'fun_block': 433}]
22
[22, 0]
95
[95, 22, 0]
97
[97, 95, 22, 0]
136
[136, 0]
138
[138, 0]
146
[146, 138, 0]
463
[463, 146, 138, 0]
154
[154, 463, 146, 138, 0]
172
[172, 0]
180
[180, 172, 0]
469
[469, 180, 172, 0]
486
[486, 469, 180, 172, 0]
538
[538, 486, 469, 180, 172, 0]
539
[539, 538, 486, 469, 180, 172, 0]
188
[188, 539, 538, 486, 469, 180, 172, 0]
190
[190, 0]
198
[198, 190, 0]
541
[541, 198, 190, 0]
569
[569, 541, 198, 190, 0]
591
[591, 569, 541, 198, 190, 0]
220
[220, 0]
228
[228, 220, 0]
707
[707, 228, 220, 0]
236
[236, 707, 228, 220, 0]
264
[264, 0]
272
[272, 264, 0]
722
[722, 272, 264, 0]
154
[154, 722, 272, 264, 0]
298
[298, 0]
306
[306, 298, 0]
728
[728, 306, 298, 0]
236
[236, 728, 306, 298, 0]
342
[342, 0]
350
[350, 342, 0]
743
[743, 350, 342, 0]
236
[236, 743, 350, 342, 0]
386
[386, 0]
394
[394, 386, 0]
758
[758, 394, 386, 0]
786
[786, 758, 394, 386, 0]
804
[804, 786, 758, 394, 386, 0]
820
[820, 804, 786, 758, 394, 386, 0]
880
[880, 820, 804, 786, 758, 394, 386, 0]
891
[891, 880, 820, 804, 786, 758, 394, 386, 0]
892
[892, 891, 880, 820, 804, 786, 758, 394, 386, 0]
893
[893, 892, 891, 880, 820, 804, 786, 758, 394, 386, 0]
894
[894, 893, 892, 891, 880, 820, 804, 786, 758, 394, 386, 0]
188
[188, 894, 893, 892, 891, 880, 820, 804, 786, 758, 394, 386, 0]
880
[880, 820, 804, 786, 758, 394, 386, 0]
891
[891, 880, 820, 804, 786, 758, 394, 386, 0]
892
[892, 891, 880, 820, 804, 786, 758, 394, 386, 0]
893
[893, 892, 891, 880, 820, 804, 786, 758, 394, 386, 0]
894
[894, 893, 892, 891, 880, 820, 804, 786, 758, 394, 386, 0]
188
[188, 894, 893, 892, 891, 880, 820, 804, 786, 758, 394, 386, 0]
412
[412, 0]
420
[420, 412, 0]
898
[898, 420, 412, 0]
926
[926, 898, 420, 412, 0]
944
[944, 926, 898, 420, 412, 0]
979
[979, 944, 926, 898, 420, 412, 0]
1018
[1018, 979, 944, 926, 898, 420, 412, 0]
433
[433, 0]
441
[441, 433, 0]
1073
[1073, 441, 433, 0]
1101
[1101, 1073, 441, 433, 0]
1142
[1142, 1101, 1073, 441, 433, 0]
1143
[1143, 1142, 1101, 1073, 441, 433, 0]
188
[188, 1143, 1142, 1101, 1073, 441, 433, 0]
136
[136, 0]
136
[136, 0]
138
[138, 0]
146
[146, 138, 0]
463
[463, 146, 138, 0]
154
[154, 463, 146, 138, 0]
172
[172, 0]
180
[180, 172, 0]
469
[469, 180, 172, 0]
486
[486, 469, 180, 172, 0]
538
[538, 486, 469, 180, 172, 0]
539
[539, 538, 486, 469, 180, 172, 0]
188
[188, 539, 538, 486, 469, 180, 172, 0]
190
[190, 0]
198
[198, 190, 0]
541
[541, 198, 190, 0]
569
[569, 541, 198, 190, 0]
591
[591, 569, 541, 198, 190, 0]
220
[220, 0]
228
[228, 220, 0]
707
[707, 228, 220, 0]
236
[236, 707, 228, 220, 0]
264
[264, 0]
272
[272, 264, 0]
722
[722, 272, 264, 0]
154
[154, 722, 272, 264, 0]
298
[298, 0]
306
[306, 298, 0]
728
[728, 306, 298, 0]
236
[236, 728, 306, 298, 0]
342
[342, 0]
350
[350, 342, 0]
743
[743, 350, 342, 0]
236
[236, 743, 350, 342, 0]
386
[386, 0]
394
[394, 386, 0]
758
[758, 394, 386, 0]
786
[786, 758, 394, 386, 0]
412
[412, 0]
420
[420, 412, 0]
898
[898, 420, 412, 0]
926
[926, 898, 420, 412, 0]
433
[433, 0]
441
[441, 433, 0]
1073
[1073, 441, 433, 0]
1101
[1101, 1073, 441, 433, 0]
1142
[1142, 1101, 1073, 441, 433, 0]
1143
[1143, 1142, 1101, 1073, 441, 433, 0]
188
[188, 1143, 1142, 1101, 1073, 441, 433, 0]
136
[136, 0]
Total paths in Control Flow Graph before Symbolic Phase :  [23]
Total paths in Control Flow Graph after Symbolic Phase :  [11]


No Vulnerablilty found !!
